122073
122074
122075
122076
122077
122078
122079
122080
122081
122082
122083
122084
122085
122086
122087
122088
122089
122090
122091
122092
122093
122094
122095
122096
122097
122098
122099
122101
122126
122127
122128
122129
122130
122131
122132
122133
122134
122135
122136
122148
122149
122150
122151
122152
122153
122154
122155
122156
122157
122158
122159
122160
122161
122162
122164
122180
122181
122182
122183
122184
122185
122186
122187
122188
122189
122190
122191
122192
122193
122194
122195
122196
122197
122198
122199
122200
122202
122203
122204
122205
122206
122207
122211
122217
122243
122244
122245
122246
122247
122248
122249
122250
122251
122252
122253
122254
122255
122256
122257
122258
122259
122260
122261
122262
122263
122264
122265
122266
122267
122268
122269
122270
122271
122272
122273
122275
122276
122277
122278
122279
122280
122281
122282
122284
122285
122289
122291
122292
122294
122336
122337
122338
122340
122341
122342
122343
122344
122346
122347
122348
122349
122350
122351
122352
122353
122354
122355
122356
122357
122358
122359
122360
122361
122362
122363
122364
122365
122366
122367
122368
122369
122370
122371
122372
122373
122374
122375
122376
122377
122378
122379
122380
122381
122382
122383
122384
122385
122386
122388
122389
122390
122392
122395
122397
122398
122402
122406
122462
122463
122464
122465
122466
122467
122468
122470
122471
122472
122473
122474
122475
122476
122477
122478
122479
122480
122481
122482
122483
122485
122486
122487
122488
122489
122490
122491
122492
122493
122494
122495
122496
122497
122498
122539
122540
122541
122542
122543
122544
122545
122546
122547
122548
122549
122550
122551
122552
122553
122554
122555
122556
122557
122558
122562
122563
122584
122585
122586
122587
122588
122589
122590
122591
122592
122593
122594
122595
122596
122597
122598
122599
122600
122601
122602
122603
122604
122605
122606
122608
122609
122610
122611
122613
122614
122615
122616
122617
122618
122619
122621
122622
122623
122624
122625
122626
122627
122628
122629
122630
122631
122633
122634
122636
122637
122712
122714
122715
122716
130818
130823
130836
130837
130965
135020
135862
136546
136547
136814
137681
137699
137753
138165
138166
138331
138333
138669
138954
139060
139106
139118
139134
139165
139274