120127
120272
120459
120711
120723
120733
120769
120818
120947
120950
121056
121057
121059
121064
121183
121184
121189
121190
121426
121431
121610
121613
121755
121760
121764
121766
122122
122123
122127
122146
122245
122272
122330
122331
122336
122453
122454
122539
122712
122719
122772
122827
122891
122892
122893
122989
124792
124844
125057
125188
125189
125195
125201
125204
125212
125242
125248
125251
125252
125800
125864
125868
125870
125973
125974
125976
126047
126048
126050
126147
126148
126153
126154
126195
127378
127483
127484
127485
127496
127497
127500
127501
127503
128693
128700
128768
128771
128965
128981
129071
129175
129305
129308
129309
131015
131017
131077
132981
133547
134127
134762
135266
135274
135300
135304
135337
135348
135349
135372
135403
135420
136292
136492
136507
136916
136925
136930
136959
137992
138217
138328
139058
139496
