125799
125800
125801
125802
125803
125804
125805
125806
125807
125808
125809
125810
125811
125812
125813
125814
125815
125816
125817
125818
125819
125820
125821
125822
125823
125824
125825
125826
125827
125828
125829
125830
125831
125832
125833
125834
125835
125836
125839
125840
125868
125869
125870
125871
125872
125873
125874
125875
125876
125877
125878
125879
125880
125881
125882
125883
125884
125885
125886
125887
125888
125889
125890
125891
125892
125893
125894
125895
125896
125897
125898
125899
125900
125901
125902
125903
125904
125905
125906
125907
125908
125909
125910
125911
125912
125913
125914
125915
125916
125917
125918
125922
125924
125927
125928
125929
125933
125936
125940
125945
125946
125948
125949
125978
125979
125980
125981
125982
125983
125984
125985
125986
125987
125988
125989
125990
125991
125992
125993
125994
125995
125996
125997
125998
125999
126000
126001
126002
126003
126004
126005
126006
126007
126008
126009
126010
126011
126014
126015
126016
126017
126019
126053
126054
126055
126056
126057
126058
126059
126060
126061
126062
126063
126064
126065
126066
126067
126068
126069
126070
126071
126072
126073
126074
126075
126076
126077
126078
126079
126080
126081
126082
126083
126084
126085
126086
126087
126088
126089
126090
126091
126092
126093
126094
126095
126096
126098
126099
126100
126101
126102
126103
126104
126105
126106
126108
126112
126118
126123
126152
126153
126154
126155
126156
126157
126158
126159
126160
126161
126162
126163
126164
126165
126166
126167
126168
126169
126170
126171
126172
126173
126174
126175
126176
126178
126195
134801
136045
137100
138147
138202
138218
138227
138239
138242
138243
138265
138269
138270
138275
138276
138625
138846
139024
140057