125006
127153
127154
127155
127156
127157
127158
127159
127160
127161
127162
127163
127164
127165
127166
127167
127168
127169
127170
127171
127172
127173
127174
127175
127176
127177
127178
127179
127180
127181
127182
127183
127184
127185
127186
127187
127188
127189
127190
127191
127192
127193
127194
127195
127196
127197
127198
127201
127238
127239
127240
127241
127242
127243
127244
127245
127246
127247
127248
127249
127250
127251
127252
127253
127254
127255
127256
127257
127258
127259
127260
127261
127262
127264
127265
127266
127267
127268
127300
127301
127302
127303
127304
127305
127306
127307
127308
127309
127310
127311
127312
127313
127314
127315
127316
127317
127318
127319
127320
127321
127322
127323
127324
127325
127326
127327
127328
127329
127330
127331
127332
127334
127335
127337
127338
127361
127362
127363
127364
127365
127366
127367
127368
127369
127372
127373
127374
127375
127377
127378
127379
127380
127381
127382
127383
127384
127385
127386
127387
127388
127389
127390
127391
127392
127393
127394
127395
127396
127397
127398
127399
127400
127401
127402
127403
127404
127405
127406
127407
127408
127409
127410
127411
127412
127413
127414
127415
127416
127417
127418
127419
127420
127421
127422
127423
127424
127426
127427
127428
127430
127431
127433
127434
127435
127437
127438
127441
127442
127444
127446
127447
127483
127496
127497
127498
127500
127501
127502
127503
127504
127505
127506
127507
127508
127509
127510
127511
127513
127514
127515
127516
127517
127518
127519
127520
127521
127522
127523
127524
127525
127526
127527
127528
127529
127530
127531
127532
127533
127534
127535
127536
127537
127538
127539
127540
127541
127542
127543
127544
127545
127546
127547
127548
127549
127550
127551
127552
127553
127554
127555
127556
127557
127558
127559
127560
127561
127562
127563
127564
127565
127566
127568
127569
127570
127572
127573
127574
127575
127576
127578
127579
127580
127581
127582
127583
127584
127586
127587
127588
127589
127590
127592
127604
127673
127674
127676
127677
127678
127679
127680
127681
127682
127683
127684
127685
127686
127687
127688
127689
127690
127691
127692
127693
127694
127695
127696
127697
127698
127699
127700
127701
127702
127703
127704
127705
127706
127707
127708
127709
127710
127711
127712
127713
127714
127715
127716
127718
127719
127720
127721
127722
127724
127725
127726
127727
127777
127778
127781
127782
127783
127784
127785
127786
127787
127788
127789
127790
127791
127792
127793
127794
127795
127796
127797
127798
127799
127800
127801
127802
127803
127804
127805
127806
127807
127808
127809
127810
127811
127812
127813
127814
127815
127816
127817
127819
127820
127821
127822
127823
127824
127825
127826
127827
127828
127829
127830
127833
127834
127835
127836
127837
127838
127839
127840
127841
127844
127845
127846
127849
127850
127851
127852
127853
127854
127856
127858
127859
127860
127861
127863
127867
127870
127873
127874
127875
127877
127878
127948
127949
127950
127951
127953
127954
127955
127956
127958
127959
127960
127961
127962
127979
127980
127981
131017
131022
131025
131028
131032
131061
132068
134127
136022
136265
138456
139058
139157
139603
139828