121072
121073
121074
121075
121076
121077
121078
121079
121080
121081
121082
121083
121084
121085
121100
121101
121102
121103
121105
121106
121107
121108
121109
121110
121111
121112
121113
121114
121115
121116
121117
121118
121119
121120
121121
121122
121123
121124
121125
121126
121127
121128
121129
121130
121131
121132
121133
121134
121135
121136
121137
121138
121139
121140
121141
121142
121143
121145
121146
121147
121148
121150
121151
121152
121154
121155
121156
121157
121158
121160
121189
121190
121191
121192
121193
121194
121195
121196
121197
121198
121199
121200
121201
121202
121203
121204
121205
121206
121207
121208
121209
121210
121211
121212
121213
121214
121215
121216
121217
121218
121219
121220
121221
121222
121223
121224
121225
121226
121227
121228
121229
121230
121231
121232
121233
121234
121235
121236
121237
121238
121239
121240
121241
121242
121243
121244
121245
121246
121247
121248
121249
121250
121251
121252
121254
121255
121256
121257
121258
121259
121260
121261
121262
121266
121268
121269
121270
121271
121272
121273
121275
121355
121356
121357
121358
121359
121360
121361
121362
121363
121364
121365
121366
121367
121368
121369
121370
121371
121372
121373
121374
121375
121376
121377
121378
121379
121380
121381
121382
121383
121384
121385
121386
121387
121388
121389
121390
121391
121392
121393
121395
121396
121397
121399
121431
121433
121434
121435
121436
121437
121438
121439
121440
121441
121442
121443
121444
121445
121446
121447
121450
121451
121452
121453
121454
121455
121456
121457
121458
121459
121460
121461
121462
121463
121464
121465
121466
121467
121468
121469
121470
121471
121472
121473
121474
121475
121476
121477
121478
121479
121480
121481
121482
121483
121485
121486
121487
121490
121492
121544
121545
121546
121547
121548
121549
121550
121551
121552
121553
121554
121555
121556
121557
121558
121559
121560
121561
121562
121563
121564
121565
121566
121567
121568
121569
121570
121571
121572
121573
121574
121575
121576
121577
121578
121579
121580
121581
121583
121585
121613
121614
121615
121616
121617
121618
121619
121620
121621
121622
121623
121624
121626
121627
121628
121629
121630
121631
121632
121633
121634
121635
121636
121637
121638
121639
121640
121641
121642
121643
121644
121645
121646
121647
121648
121649
121650
121651
121652
121653
121654
121655
121656
121657
121658
121659
121660
121661
121662
121663
121664
121666
121667
121668
121669
121670
121671
121672
121673
121674
121675
121676
121678
121679
121680
121681
121682
121683
121685
121686
121687
121688
121689
121694
121696
121764
121765
121766
131011
131013
131021
131041
131077
132089
133246
133725
133823
133889
134687
134885
136021
136751
137073
137932
138307
138400
139220
139223
139230
140016