122717
122718
122719
122721
122722
122723
122724
122725
122726
122727
122728
122729
122730
122731
122732
122733
122734
122736
122737
122738
122739
122740
122741
122742
122743
122744
122745
122748
122750
122770
122772
122773
122774
122775
122776
122777
122779
122780
122781
122782
122783
122784
122785
122786
122787
122788
122789
122790
122791
122792
122793
122794
122795
122797
122798
122799
122800
122801
122803
122806
122807
122808
122831
122832
122833
122834
122835
122836
122837
122838
122839
122840
122841
122842
122843
122844
122845
122846
122847
122848
122849
122850
122851
122852
122853
122854
122855
122856
122857
122858
122859
122860
122861
122862
122863
122864
122866
122867
122868
122895
122896
122897
122898
122899
122900
122901
122902
122903
122904
122905
122906
122907
122908
122909
122910
122911
122912
122913
122914
122915
122916
122917
122918
122919
122920
122921
122922
122923
122924
122925
122926
122927
122928
122929
122930
122931
122932
122933
122935
122936
122937
122939
122940
122941
122942
122943
122944
122945
122946
122947
122950
122953
122992
122993
122994
122995
122996
122997
122998
122999
123000
123001
123002
123003
123004
123005
123006
123007
123008
123009
123010
123011
123012
123013
123014
123015
123016
123018
130963
131015
133961
134867
135921
137060
137653
137678
138266
138273
138482
139147
139151
139240